image: map_cave.pgm
resolution: 0.025000
origin: [-25.012499, -25.012499, 0.000000]
negate: 0
occupied_thresh: 0.65
free_thresh: 0.196
